PageRank结果(从高到低):
the: 0.175009
report: 0.087644
data: 0.076191
analyzed: 0.054474
shared: 0.049285
detailed: 0.047976
with: 0.046809
and: 0.046809
scientist: 0.046792
team: 0.046792
a: 0.045199
wrote: 0.041978
so: 0.041978
again: 0.037390
more: 0.034579
it: 0.032707
but: 0.029463
carefully: 0.029463
requested: 0.029463
